Windows Registry Editor Version 5.00

[HKEY_LOCAL_MACHINE\MountedSoftware\Microsoft\Windows NT\CurrentVersion\Schedule\TaskCache\Boot\{AA185055-502F-4946-A2A0-C2BA78C719D9}]

[HKEY_LOCAL_MACHINE\MountedSoftware\Microsoft\Windows NT\CurrentVersion\Schedule\TaskCache\Tree\GCEStartup]
"SD"=hex:01,00,04,80,78,00,00,00,88,00,00,00,00,00,00,00,14,00,00,00,02,00,64,\
  00,04,00,00,00,00,10,18,00,9f,01,1f,00,01,02,00,00,00,00,00,05,20,00,00,00,\
  20,02,00,00,00,10,14,00,9f,01,1f,00,01,01,00,00,00,00,00,05,12,00,00,00,00,\
  10,18,00,ff,01,1f,00,01,02,00,00,00,00,00,05,20,00,00,00,20,02,00,00,00,00,\
  14,00,89,00,12,00,01,01,00,00,00,00,00,05,12,00,00,00,60,68,fa,e2,01,02,00,\
  00,00,00,00,05,20,00,00,00,20,02,00,00,01,05,00,00,00,00,00,05,15,00,00,00,\
  a3,e2,c1,03,d1,68,62,5c,54,d5,02,e3,01,02,00,00
"Id"="{AA185055-502F-4946-A2A0-C2BA78C719D9}"
"Index"=dword:00000001

[HKEY_LOCAL_MACHINE\MountedSoftware\Microsoft\Windows NT\CurrentVersion\Schedule\TaskCache\Tasks\{AA185055-502F-4946-A2A0-C2BA78C719D9}]
"Path"="\\GCEStartup"
"Hash"=hex:51,f1,90,76,40,d7,b6,c3,bf,7f,f6,97,ab,8e,10,42,22,00,9b,ae,d1,24,\
  e1,69,3e,18,17,d8,bb,39,52,1f
"Schema"=dword:00010002
"Date"="2017-08-22T18:47:05"
"Author"="SYSTEM"
"URI"="\\GCEStartup"
"Triggers"=hex:17,00,00,00,00,00,00,00,01,07,08,00,00,00,16,00,00,aa,99,09,77,\
  1b,d3,01,00,00,00,00,00,00,00,00,ff,ff,ff,ff,ff,ff,ff,ff,38,21,42,42,48,48,\
  48,48,5d,10,6e,4f,48,48,48,48,0e,00,00,00,48,48,48,48,41,00,75,00,74,00,68,\
  00,6f,00,72,00,00,00,48,48,00,00,00,00,48,48,48,48,00,48,48,48,48,48,48,48,\
  00,48,48,48,48,48,48,48,05,00,00,00,48,48,48,48,0c,00,00,00,48,48,48,48,01,\
  01,00,00,00,00,00,05,12,00,00,00,48,48,48,48,00,00,00,00,48,48,48,48,2c,00,\
  00,00,48,48,48,48,00,00,00,00,ff,ff,ff,ff,80,f4,03,00,ff,ff,ff,ff,07,00,00,\
  00,00,00,00,00,00,00,00,00,00,00,00,00,00,00,00,00,00,00,00,00,00,00,00,00,\
  48,48,48,48,ff,ff,00,00,00,00,00,00,01,07,08,00,00,00,16,00,00,aa,99,09,77,\
  1b,d3,01,00,00,00,00,00,00,00,00,ff,ff,ff,ff,ff,ff,ff,ff,00,00,00,00,ff,ff,\
  ff,ff,00,00,00,00,00,00,00,00,00,00,00,00,00,01,00,00,01,00,00,00,00,00,00,\
  00,00,00,00,00,00,00,00,00,00,00,00,00,48,48,48,48
"Actions"=hex:02,00,0c,00,00,00,41,00,75,00,74,00,68,00,6f,00,72,00,66,66,00,\
  00,00,00,a2,00,00,00,22,00,43,00,3a,00,5c,00,50,00,72,00,6f,00,67,00,72,00,\
  61,00,6d,00,20,00,46,00,69,00,6c,00,65,00,73,00,5c,00,47,00,6f,00,6f,00,67,\
  00,6c,00,65,00,5c,00,43,00,6f,00,6d,00,70,00,75,00,74,00,65,00,20,00,45,00,\
  6e,00,67,00,69,00,6e,00,65,00,5c,00,6d,00,65,00,74,00,61,00,64,00,61,00,74,\
  00,61,00,5f,00,73,00,63,00,72,00,69,00,70,00,74,00,73,00,5c,00,72,00,75,00,\
  6e,00,5f,00,73,00,74,00,61,00,72,00,74,00,75,00,70,00,5f,00,73,00,63,00,72,\
  00,69,00,70,00,74,00,73,00,2e,00,63,00,6d,00,64,00,22,00,00,00,00,00,00,00,\
  00,00
"DynamicInfo"=hex:03,00,00,00,ec,3a,9b,28,46,1c,d3,01,00,00,00,00,00,00,00,00,\
  00,00,00,00,00,00,00,00,00,00,00,00,00,00,00,00