Windows Registry Editor Version 5.00

[HKEY_LOCAL_MACHINE\MountedSoftware\Microsoft\Windows NT\CurrentVersion\Schedule\TaskCache\Boot\{BA6C1BEA-5C3E-4276-8CDC-587AAE4F19F4}]

[HKEY_LOCAL_MACHINE\MountedSoftware\Microsoft\Windows NT\CurrentVersion\Schedule\TaskCache\Tree\GCEStartup]
"Id"="{BA6C1BEA-5C3E-4276-8CDC-587AAE4F19F4}"
"Index"=dword:00000001

[HKEY_LOCAL_MACHINE\MountedSoftware\Microsoft\Windows NT\CurrentVersion\Schedule\TaskCache\Tasks\{BA6C1BEA-5C3E-4276-8CDC-587AAE4F19F4}]
"Path"="\\GCEStartup"
"Hash"=hex:7e,3e,a9,eb,79,c8,78,11,e6,de,8d,55,f8,c0,9f,be,e0,b9,b9,51,30,2c,\
  ea,bb,b1,6d,63,0d,92,3c,0d,1c
"Schema"=dword:00010002
"Date"="2017-08-23T17:58:06"
"Author"="SYSTEM"
"Triggers"=hex:15,00,00,00,00,00,00,00,01,cd,90,b6,d8,00,00,00,00,04,a3,5b,39,\
  1c,d3,01,00,28,d5,48,fc,7f,00,00,ff,ff,ff,ff,ff,ff,ff,ff,38,21,42,42,48,48,\
  48,48,8a,5d,1c,4d,48,48,48,48,00,48,48,48,48,48,48,48,00,48,48,48,48,48,48,\
  48,05,00,00,00,48,48,48,48,0c,00,00,00,48,48,48,48,01,01,00,00,00,00,00,05,\
  12,00,00,00,48,48,48,48,00,00,00,00,48,48,48,48,2c,00,00,00,48,48,48,48,00,\
  00,00,00,ff,ff,ff,ff,80,f4,03,00,ff,ff,ff,ff,07,00,00,00,00,00,00,00,00,00,\
  00,00,00,00,00,00,00,00,00,00,00,00,00,00,00,00,00,00,48,48,48,48,ff,ff,00,\
  00,00,00,00,00,01,cd,90,b6,d8,00,00,00,00,04,a3,5b,39,1c,d3,01,00,28,d5,48,\
  fc,7f,00,00,ff,ff,ff,ff,ff,ff,ff,ff,00,00,00,00,ff,ff,ff,ff,00,00,00,00,00,\
  00,00,00,00,00,00,00,00,00,00,00,01,00,00,00,00,00,00,00,00,00,00,00,02,00,\
  00,00
"Actions"=hex:01,00,66,66,00,00,00,00,a2,00,00,00,22,00,43,00,3a,00,5c,00,50,\
  00,72,00,6f,00,67,00,72,00,61,00,6d,00,20,00,46,00,69,00,6c,00,65,00,73,00,\
  5c,00,47,00,6f,00,6f,00,67,00,6c,00,65,00,5c,00,43,00,6f,00,6d,00,70,00,75,\
  00,74,00,65,00,20,00,45,00,6e,00,67,00,69,00,6e,00,65,00,5c,00,6d,00,65,00,\
  74,00,61,00,64,00,61,00,74,00,61,00,5f,00,73,00,63,00,72,00,69,00,70,00,74,\
  00,73,00,5c,00,72,00,75,00,6e,00,5f,00,73,00,74,00,61,00,72,00,74,00,75,00,\
  70,00,5f,00,73,00,63,00,72,00,69,00,70,00,74,00,73,00,2e,00,63,00,6d,00,64,\
  00,22,00,00,00,00,00,00,00,00,00
"DynamicInfo"=hex:03,00,00,00,9c,a7,d7,80,5a,1c,d3,01,00,00,00,00,00,00,00,00,\
  00,00,00,00,00,00,00,00,00,00,00,00,00,00,00,00